 
10088013
11913421
13015075
13049382
13347877
13526206
14230628
14401801
14539298
14885874
15000724
15134924
15215982
15218800
15429168
15491429
15565611
15651514
15696158
15713223
15800300
15852129
15968765
16034169
16343523
16570017
16658125
16664835
16744074
16764673
16793710
16844833
16857421
16884707
16910655
16964831
16994768
17067231
17108802
17228333
17406216
17417215
17455207
17458908
17674332
17692865
17700893
17707414
17722189
17751080
17762243
17818141
17842810
17850039
17851705
17950019
17959045
17960151
17963047
17965334
17969743
18002364
18009737
18105258
18106093
18107383
18234515
18318824
18360145
18361123
18380135
18380147
18384748
18423576
18423577
18429772
18447306
18449062
18449358
18451857
18451932
18460474
18465396
18481368
18490043
18499811
18523804
18555925
18559770
18562901
18563146
18592610
18598588
18686803
18715203
18754578
18791451
18839241
18973406
18980775
18984897
18988892
18989054
18989556
19019157
19098672
19125314
19130816
19218568
19244772
19262609
19263417
19271333
19271335
19281504
19286727
19287609
19320415
19320997
19321699
19344630
19346443
19354173
19354249
19354411
19356472
19358080
19358269
19361427
19362107
19363167
19363293
19379696
19383219
19389304
19389365
19389367
19389382
19390574
19390575
19390592
19392062
19392453
19400861
19401216
19404094
19408013
19430837
19465275
19489906
19489928
19490150
19495178
19500143
19502646
19514588
19541237
19541323
19596942
19620849
19624972
19752995
19760034
19799587
19820039
19822580
19854529
19909979
19925641
19928261
19952305
19964211
19982568
19988936
19999678
20008810
20012910
20039462
20039884
20064979
20065249
20090733
20092245
20094844
20137529
20156848
20168249
20182524
20185065
20197407
20223653
20223656
20224955
20232786
20244298
20255738
20264829
20264883
20278381
20281822
20283480
20349134
20382886
20480371
20566766
20601440
20608561
20630350
20656525
20687518
20688399
20761095
20761455
20767101
20772633
20775820
20808041
20816905
20821832
20829411
20830600
20846939
20857568
20889818
20890309
20917576
20966616
20972285
21025924
21116490
21122578
21130557
21163910
21169288
21173351
21204671
21234781
21305911
21383784
21389903
21396362
21400946
21437437
21472150
21488769
21489108
21497740
21497756
21498336
21520580
21522932
21526133
21558298
21563627
21595643
21613816
21618101
21624962
21627740
21632279
21635842
21653083
21654081
21674475
21687501
21693773
21700518
21735991
21801741
21804590
21813953
21820854
21869591
21871165
21878093
21881557
21884628
21886423
21892802
21892999
21909535
21920597
21925596
21926705
21934508
21950101
21953072
21964365
21996854
22020761
22056933
22063390
22073106
22112481
22145272
22164305
22180006
22183526
22185834
22199174
22224423
22248107
22251374
22256214
22260726
22286513
22298840
22301560
22303628
22380755
22394329
22517686
22525054
22532554
22532559
22533942
22537767
22604074
22606591
22611500
22623864
22627375
22638556
22651372
22657093
22666616
22668551
22680404
22687191
22688122
22688986
22706019
22712237
22724756
22727869
22821781
22833915
22834420
22860051
22863935
22881688
22890885
22895890
22896997
22897791
22898445
22899486
22902847
22913416
22936968
22949582
22959229
22965862
22973239
22989831
23038018
23042653
23065215
23066075
23108136
23118702
23128241
23131746
23138675
23159654
23161424
23175551
23202637
23229297
23237490
23238462
23248704
23255524
23284411
23301941
23307625
23315272
23328456
23333576
23333834
23337426
23340798
23340815
23341265
23342670
23343613
23353425
23353427
23355672
23368410
23371205
23371420
23377125
23382072
23392222
23396011
23400532
23402139
23409573
23418001
23421391
23426726
23436793
23440315
23441215
23443935
23443979
23445862
23483791
23483822
23485006
23486538
23499008
23500010
23506200
23511270
23519132
23519146
23521413
23521575
23521829
23522881
23524310
23526994
23531196
23538813
23541821
23546834
23552103
23552104
23552903
23555889
23557167
23560977
23562223
23568257
23569801
23574917
23579687
23583990
23584088
23584242
23584307
23584388
23585459
23589303
23590605
23590631
23593188
23594808
23595276
23595581
23612254
23625795
23626657
23628926
23629114
23629856
23630185
23645150
23645333
23651042
23656441
23662259
23662616
23663329
23667761
23671426
23671774
23674455
23674662
23675679
23677899
23677971
23678491
23680571
23681348
23681349
23681356
23682320
23685103
23685104
23685497
23687546
23691797
23693234
23695596
23696272
23699982
23702409
23705386
23706945
23709742
23709823
23712515
23713623
23720592
23721021
23725100
23726099
23727767
23728517
23730083
23730335
23730817
23731170
23731670
23734561
23734575
23734576
23734577
23734581
23734582
23734583
23735391
23735663
23739870
23740436
23740479
23740614
23741448
23742116
23742231
23743154
23745002
23746073
23746372
23747069
23749660
23749683
23749777
23750046
23750129
23750824
23751002
23753172
23754676
23755546
23755816
23756205
23757695
23760129
23760576
23760660
23764670
23764712
23765207
23765791
23766216
23766692
23769326
23772502
23773610
23773823
23774147
23777148
23780873
23786029
23786068
23786156
23786281
23786446
23788455
23789989
23790739
23791381
23796421
23796864
23798232
23800657
23812709
23814192
23815121
23822255
23825589
23825595
23837053
23839936
23841225
23843713
23850938
23852607
23853852
23856288
23858957
23865858
23865859
23865860
23865865
23865868
23865870
23865871
23865872
23865873
23865875
23865877
23865882
23867699
23869010
23869101
23872969
23875296
23875397
23876537
23876616
23876868
23877485
23877657
23882719
23883411
23884897
23886363
23888008
23898383
23898493
23898575
23902993
23904992
23906283
23908933
23908935
23908936
23908938
23908941
23909315
23914924
23924821
23935442
23935446
23935447
23935450
23935451
23937499
23939090
23942738
23943896
23943962
23946371
23955263
23959324
23962057
23970708
23971603
23973907
23977221
23980438
23980465
23980505
23983769
23985764
23986381
23986667
23990163
23990164
23990191
23991132
23996963
23999037
23999167
23999259
23999260
23999261
23999262
23999263
23999285
24003951
24007057
24008693
24009118
24009986
24010095
24012811
24018066
24023180
24023852
24025606
24026141
24026502
24033259
24033357
24035537
24035539
24035540
24035559
24035563
24035564
24035567
24035568
24035599
24035600
24035601
24039356
24039623
24040867
24040868
24040871
24040872
24040874
24040876
24040877
24040878
24040879
24040880
24041141
24041145
24041147
24041151
24041152
24041437
24041438
24041439
24041897
24042195
24042196
24042480
24042483
24042836
24042837
24043671
24045018
24045180
24045181
24045182
24045184
24045633
24045843
24047068
24048767
24049006
24049844
24049943
24050569
24053266
24054359
24054438
24057563
24059833
24060122
24062522
24063974
24066617
24068188
24069192
24069373
24070031
24071179
24073034
24073124
24074263
24076749
24076783
24077193
24077855
24078536
24078565
24078680
24079981
24079982
24081301
24082050
24082180
24083438
24083669
24084036
24088899
24089242
24094200
24094400
24094700
24098100
24098212
24102575
24104486
24107258
24117321
24118146
24126027
24130021
24130869
24131003
24132205
24132947
24134122
24134146
24134528
24140456
24141315
24143403
24143773
24144589
24144590
24144996
24145196
24145976
24146795
24151115
24156200
24160620
24161423
24162901
24171913
24172548
24175062
24177388
24178371
24182343
24183849
24185557
24186714
24187936
24188008
24188355
24192339
24197607
24198764
24200069
24203742
24203750
24204627
24205011
24205280
24212341
24212628
24212629
24212632
24212633
24212634
24212635
24212637
24212638
24212639
24213103
24213645
24219928
24221889
24222110
24223358
24223648
24224192
24231972
24233047
24236864
24237855
24237910
24237916
24241133
24241839
24251764
24252225
24252352
24252975
24254506
24256238
24256538
24257337
24257405
24259093
24261118
24263905
24267929
24268072
24272131
24272178
24275163
24276253
24276987
24278152
24280595
24281040
24281854
24284383
24286194
24286461
24289059
24289274
24296123
24296386
24296584
24298768
24300475
24301319
24302510
24305599
24305902
24307040
24312072
24312939
24313462
24314539
24314932
24315375
24315882
24316187
24318244
24318260
24319792
24321050
24321059
24324372
24325898
24326407
24327839
24328940
24329134
24329220
24329550
24331506
24334403
24335192
24335773
24335821
24335868
24336504
24338162
24338780
24341699
24343045
24343271
24343940
24346752
24347099
24347656
24348338
24354594
24355138
24356089
24358121
24368661
24368847
24372146
24372561
24372767
24376459
24379320
24379926
24380825
24381616
24381998
24382557
24383353
24388466
24390634
24390637
24390641
24390644
24390735
24394987
24398655
24400155
24400339
24404481
24404527
24404534
24411105
24411602
24415567
24417909
24418055
24421156
24423378
24424150
24424333
24425076
24427355
24427857
24430147
24431873
24433241
24434544
24436121
24436755
24440751
24443565
24443567
24443582
24444196
24444200
24448847
24458022
24462126
24466550
24526667
24527408
24530153
24531019
24532626
24533773
24533782
24533786
24533802
24533805
24533845
24533981
24534826
24537983
24543026
24543027
24543031
24543105
24543339
24544199
24545315
24550543
24553127
24554232
24555443
24555676
24557116
24557383
24558177
24562804
24563084
24563391
24564050
24566703
24567219
24567505
24571153
24571529
24573924
24575093
24575113
24578383
24578528
24579484
24579629
24579923
24585908
24586881
24587765
24588391
24588658
24594157
24595619
24596184
24601568
24601679
24604500
24607227
24608351
24609231
24610640
24610855
24611859
24612814
24616717
24617128
24617953
24618322
24618412
24622548
24623283
24627011
24628240
24629771
24631239
24640633
24641301
24642590
24645812
24647558
24650893
24651966
24658386
24658658
24658664
24659679
24663022
24663668
24664263
24664699
24668410
24668429
24671404
24674855
24679243
24680611
24684128
24684154
24685980
24687631
24691761
24694790
24694793
24694804
24696305
24696723
24698133
24698201
24699043
24699904
24699907
24699915
24699916
24699921
24699922
24699923
24699927
24699928
24699940
24699942
24699962
24699973
24699980
24700003
24700330
24700694
24706857
24709778
24710158
24710451
24711479
24711503
24711505
24712980
24718733
24720598
24720605
24720638
24720641
24730502
24736440
24737067
24738252
24738654
24738909
24739967
24741064
24741075
24741474
24743066
24744547
24751483
24751779
24751786
24751883
24752070
24752408
24752782
24755037
24757092
24761481
24761549
24761554
24761557
24761560
24761561
24761562
24761563
24761565
24761566
24761567
24761568
24761569
24761571
24761572
24761573
24761575
24761576
24764087
24765863
24767632
24768914
24769508
24771639
24772905
24773581
24773582
24773585
24773587
24774462
24774616
24775027
24775033
24775050
24775056
24775061
24775072
24775075
24775078
24775081
24775083
24775086
24775090
24775094
24775099
24775102
24775103
24775104
24775106
24775110
24775111
24775112
24775113
24775114
24775115
24775117
24775118
24775122
24775125
24775126
24775129
24775130
24775136
24775137
24775144
24775151
24775152
24775167
24775172
24775177
24775185
24775191
24775192
24775194
24775196
24775197
24775201
24775207
24775209
24775211
24775218
24775224
24775229
24775242
24775244
24775255
24775270
24775273
24775283
24775296
24775297
24775300
24775302
24775305
24775317
24775322
24775323
24775324
24775346
24775370
24775373
24775374
24775376
24775415
24775421
24775424
24775425
24775426
24775430
24775434
24775435
24775439
24775440
24775451
24775453
24775455
24775465
24775471
24775476
24775477
24775488
24775494
24775496
24775497
24775501
24775503
24775504
24775521
24775539
24775547
24775549
24775565
24775572
24775573
24775586
24775601
24775609
24775611
24775612
24775616
24775619
24775621
24775622
24775623
24775624
24775629
24775636
24775639
24775649
24775651
24775665
24775678
24775681
24775685
24775690
24775695
24775696
24775697
24775720
24775724
24775728
24775729
24775730
24775735
24775742
24775745
24775746
24775747
24775750
24775751
24775753
24775756
24775764
24775766
24775772
24775774
24775775
24775778
24775779
24775780
24775781
24775784
24775791
24775799
24775839
24775844
24775856
24775863
24775867
24775873
24775875
24775899
24775910
24775917
24775923
24775939
24775940
24775947
24775977
24775989
24775992
24775993
24775995
24776002
24776009
24776010
24776012
24776018
24776027
24776033
24776038
24776040
24776042
24776043
24776051
24776052
24776054
24776056
24776058
24776059
24776064
24776067
24776073
24776075
24776082
24776083
24776091
24776101
24776102
24776103
24776107
24776113
24776114
24776118
24776121
24776128
24776133
24776140
24776146
24776159
24776165
24776167
24776172
24776174
24776177
24776180
24776225
24776230
24776231
24776236
24776239
24776240
24776242
24776243
24776245
24776252
24776256
24776257
24776258
24776259
24776263
24776269
24776270
24776271
24776272
24776276
24776280
24776281
24776286
24776287
24776288
24776298
24776312
24776313
24776316
24776319
24776321
24776323
24776326
24776330
24776331
24776334
24776335
24776339
24776344
24776348
24776351
24776392
24776406
24776436
24776475
24776478
24776483
24776484
24776486
24776489
24776493
24776498
24776507
24776522
24776525
24776530
24776532
24776683
24776685
24776718
24776723
24776730
24776875
24780483
24781316
24786338
24786515
24788839
24790222
24790965
24793135
24795943
24796068
24796718
24798731
24799138
24799139
24800250
24803089
24803141
24804805
24805563
24805859
24805915
24806493
24806645
24806995
24807390
24807917
24812437
24813274
24814102
24814556
24815852
24816316
24818678
24819272
24823604
24824013
24826034
24828892
24829546
24829756
24837363
24842879
24844869
24844948
24845961
24847134
24848203
24848518
24849186
24852896
24856329
24860890
24861569
24862150
24866794
24868943
24870325
24870418
24875496
24877104
24877565
24878154
24878177
24878233
24880627
24882590
24882593
24883662
24884232
24887595
24887791
24889313
24892952
24896397
24897794
24898141
24902516
24902825
24905251
24905805
24912645
24913931
24914231
24914833
24917181
24918431
24921048
24921206
24922289
24922884
24923976
24927023
24928524
24932899
24933743
24933958
24937120
24937513
24940615
24940672
24940939
24941125
24941154
24941301
24941693
24942844
24944414
24946789
24952104
24956401
24956650
24957750
24958564
24963457
24963524
24963525
24967682
24970498
24970701
24976140
24977246
24977260
24977686
24978269
24979535
24980004
24980070
24984155
24984202
24984343
24985460
24986818
24987990
24988160
24988675
24989530
24991916
24992919
24993193
24993439
24994959
24995991
24996139
25005694
25005696
25006002
25006191
25007212
25008044
25008091
25008092
25010178
25012007
25012334
25013812
25014621
25015912
25015938
25016377
25016604
25016969
25017365
25018056
25018264
25019661
25020749
25020933
25020937
25021245
25021919
25023148
25024393
25025031
25026136
25026338
25029656
25030329
25030392
25032978
25033204
25035049
25035373
25036009
25038713
25039984
25040070
25042780
25044045
25045887
25047201
25047284
25049026
25051553
25054811
25056390
25056853
25058477
25058902
25058917
25059117
25060563
25060828
25062018
25062236
25062330
25062887
25063680
25063941
25066729
25067791
25068374
25072485
25072838
25074101
25074156
25076356
25081965
25082230
25082324
25082964
25085560
25086553
25086799
25089494
25095117
25096506
25097690
25098879
25103179
25103254
25103255
25103256
25103257
25103284
25105297
25105939
25107363
25111399
25112026
25114662
25114911
25115518
25117847
25117849
25117867
25117868
25118082
25118156
25121981
25122038
25122354
25122367
25122410
25122421
25124015
25126530
25127747
25128584
25129994
25132698
25132718
25133434
25134116
25134819
25137713
25138003
25139144
25140543
25141690
25143558
25145093
25153095
25153191
25153812
25154007
25157766
25160651
25163777
25163933
25164837
25165485
25165539
25165955
25172485
25172731
25175489
25178770
25180005
25181074
25181380
25184014
25184263
25186199
25187925
25189843
25190720
25193543
25193903
25194393
25195716
25201421
25203427
25203990
25204695
25205747
25206005
25206607
25207913
25208629
25209982
25210202
25212063
25212275
25212549
25212606
25213292
25216070
25216387
25216798
25218196
25218549
25219106
25222953
25223031
25223419
25224662
25225139
25227588
25228172
25232259
25232369
25235368
25236439
25238722
25239342
25239719
25240830
25242293
25243269
25250372
25250401
25252992
25258139
25258204
25258751
25264145
25265141
25265881
25271424
25273771
25275987
25276228
25276855
25277283
25277300
25277599
25277600
25277602
25277605
25277625
25277635
25277636
25277637
25277909
25280753
25281408
25281980
25282242
25288298
25290037
25297194
25298253
25298648
25299618
25300896
25304188
25306701
25312538
25315613
25315999
25317364
25319986
25321323
25322277
25322671
25323259
25323357
25327388
25328216
25329706
25330241
25333793
25333843
25333844
25333849
25333850
25333851
25334109
25338070
25339570
25341715
25341733
25342444
25344997
25345161
25345265
25348890
25348891
25349468
25351426
25355344
25357148
25358227
25359544
25359567
25359759
25363521
25365445
25367049
25369944
25374052
25374500
25376025
25379585
25380984
25384861
25388293
25392010
25393184
25393645
25396237
25399334
25399770
25400347
25403662
25404422
25410070
25410851
25411065
25412188
25416723
25419085
25420233
25422979
25426107
25426537
25430103
25430364
25432453
25436422
25436617
25437553
25440026
25440235
25443043
25443920
25447748
25448368
25448720
25448890
25448950
25449517
25452546
25452601
25452647
25452763
25452774
25453360
25455291
25455646
25456124
25456166
25456651
25456695
25456730
25456754
25456874
25457124
25457158
25457173
25457190
25457240
25457241
25457433
25457474
25457505
25459930
25459956
25461567
25463324
25464389
25465329
25465657
25466428
25466910
25467279
25468572
25469904
25471071
25471285
25472649
25476657
25477006
25477687
25478649
25480907
25481409
25481430
25481721
25482597
25482901
25486415
25487223
25487636
25487944
25488095
25489631
25490078
25490465
25491834
25494962
25497353
25497516
25497541
25498398
25499379
25499623
25501595
25501712
25502292
25505843
25507033
25507057
25507470
25511783
25517825
25518212
25518734
25519845
25522135
25522326
25523975
25524116
25524519
25525791
25526163
25526873
25526952
25527260
25528767
25529362
25530743
25531318
25532059
25532237
25533454
25533834
25534775
25535301
25536612
25537499
25538952
25539899
25539900
25539902
25539907
25539910
25539911
25539912
25539913
25539919
25539920
25539923
25539971
25541057
25541323
25541350
25542404
25542678
25542952
25544448
25544520
25545496
25545644
25545667
25549614
25549617
25550744
25551872
25552994
25553114
25553196
25554496
25567495
25571838
25572590
25573929
25575408
25576976
25577324
25577408
25582005
25582934
25583174
25583372
25583623
25586421
25588734
25591140
25591531
25593611
25594947
25595389
25596688
25596723
25596744
25597454
25597499
25598252
25599309
25602902
25603894
25605215
25607202
25607372
25607864
25608346
25608774
25610107
25613938
25615137
25616799
25616896
25617868
25617967
25618529
25618541
25619180
25619619
25619818
25620685
25621095
25621731
25623086
25623314
25624570
25625633
25626351
25626677
25626711
25626792
25626838
25626873
25628238
25630299
25630838
25631157
25633381
25633418
25633673
25634109
25634196
25635059
25636704
25638711
25639530
25640079
25640161
25640447
25641680
25641854
25642654
25643856
25644560
25644561
25644577
25644581
25644631
25644805
25644806
25644825
25644879
25644880
25644881
25644888
25644986
25644990
25645013
25645014
25645015
25645016
25645028
25645029
25645037
25645107
25645466
25646017
25646057
25646242
25646468
25646943
25646953
25646956
25646959
25646960
25646964
25646974
25646975
25647262
25648264
25648301
25648302
25648418
25648931
25649508
25652030
25653042
25654344
25655020
25655995
25656529
25657118
25658125
25659521
25659719
25659763
25659946
25659978
25660571
25660958
25661661
25662598
25665201
25665409
25665694
25666258
25668174
25668340
25669357
25670408
25670976
25672198
25672806
25674257
25674424
25675235
25675334
25675790
25677588
25677629
25678464
25679169
25679230
25679641
25680485
25680653
25681094
25681430
25682458
25682530
25683102
25683989
25684236
25686058
25687126
25687575
25688140
25689103
25689390
25697610
25698004
25698188
25699150
25699216
25699274
25699687
25700052
25700187
25700413
25703138
25703198
25704168
25704242
25704662
25707819
25708851
25709651
25710243
25711633
25712087
25712999
25713307
25714136
25714341
25714683
25715898
25716050
25716587
25717147
25717790
25717909
25719107
25719720
25720137
25720164
25720175
25721121
25722556
25722737
25722994
25724169
25724345
25727133
25727705
25727741
25728050
25728491
25728782
25728902
25728965
25729138
25730661
25734954
25735058
25735300
25736051
25736597
25737387
25738094
25738437
25739912
25739971
25740006
25740045
25741119
25741449
25741694
25741800
25742392
25742559
25743283
25743337
25743524
25743799
25745132
25745296
25745326
25745327
25746689
25747021
25747722
25748072
25748105
25748281
25748347
25748945
25749215
25749990
25750438
25751034
25751477
25751829
25753151
25754238
25754682
25755018
25755472
25755530
25755894
25756254
25756561
25759125
25759185
25759640
25759741
25760098
25760131
25761089
25762629
25762701
25763229
25763961
25765251
25767544
25767725
25768661
25768803
25769116
25769819
25771062
25772955
25774957
25775009
25775495
25775753
25777008
25777612
25777643
25778007
25778723
25779091
25779168
25779870
25780799
25782237
25783512
25784129
25784726
25784810
25784838
25785135
25787347
25787376
25787438
25787481
25787599
25787740
25788027
25788308
25788423
25788526
25788531
25789272
25789547
25790510
25791331
25791569
25792490
25792935
25793903
25794681
25794949
25795974
25796797
25797290
25797777
25798330
25798836
25799505
25799783
25800062
25800171
25800177
25800343
25800584
25800992
25801156
25801570
25802789
25803664
25803741
25803790
25804131
25804960
25805784
25806948
25807305
25807662
25807834
25808463
25808930
25809266
25809723
25810217
25812013
25812128
25812169
25812213
25812398
25812635
25813235
25813260
25813336
25813367
25813382
25813646
25814405
25814710
25815707
25817091
25819540
25819598
25820016
25820382
25821263
25822453
25824522
25824684
25824982
25825217
25825415
25826103
25826703
25827120
25827214
25828292
25828642
25829280
25829584
25830324
25831435
25831751
25832208
25832343
25833062
25833458
25833903
25834005
25834057
25834295
25834374
25834402
25834490
25834667
25834845
25835073
25836582
25836623
25837500
25837663
25837860
25838028
25838559
25839273
25839859
25840844
25841525
25841526
25842033
25842143
25842210
25842274
25842370
25844282
25844335
25844884
25844985
25845016
25845168
25845739
25845871
25846300
25846416
25846758
25847011
25847486
25847649
25847664
25847749
25848037
25848208
25848714
25848971
25849051
25849071
25849114
25849255
25849425
25849860
25849861
25849907
25850049
25850394
25850972
25851320
25851332
25851660
25851876
25852209
25852338
25852607
25853322
25855133
25855580
25856413
25857216
25857722
25858082
25858286
25858305
25858549
25858611
25859095
25859112
25859674
25859675
25860061
25860504
25861861
25861892
25862426
25863001
25863346
25863539
25863696
25864049
25864128
25864242
25864346
25864373
25864435
25865004
25865365
25865368
25865938
25865977
25866098
25866099
25866124
25866238
25866243
25866285
25866801
25866874
25866883
25867352
25867471
25867596
25867609
25867857
25868335
25868507
25868630
25868865
25869697
25869737
25869909
25869944
25870341
25870437
25871312
25873079
25873927
25874423
25874536
25874555
25874594
25875562
25876026
25876141
25876174
25876348
25877383
25878326
25878380
25878397
25878605
25878662
25878953
25879054
25879599
25880510
25881305
25881939
25882051
25882183
25882608
25882645
25882676
25882736
25882819
25882989
25883123
25883544
25883649
25884212
25884737
25885289
25885531
25885533
25885687
25885873
25886103
25886120
25886142
25886284
25886313
25886951
25887207
25887817
25887853
25887899
25887929
25888164
25888330
25888452
25888527
25888991
25889559
25889704
25890217
25890414
25890430
25890735
25890744
25890760
25890878
25891412
25892225
25892403
25892671
25892957
25893091
25893172
25893429
25893904
25893939
25894101
25894192
25894460
25894483
25894499
25894612
25894942
25894963
25895085
25895325
25895842
25895867
25896020
25896061
25896457
25896669
25897606
25897691
25898121
25898209
25898224
25898406
25898487
25898540
25898744
25898833
25899064
25899373
25900352
25900364
25900501
25900847
25900879
25900881
25900900
25901902
25901981
25902361
25902446
25902570
25902602
25902701
25902705
25902906
25903037
25903346
25903350
25903586
25903607
25903726
25903732
25903880
25903969
25904147
25904186
25904427
25904472
25904649
25904927
25905430
25905845
25906506
25906512
25906636
25907369
25907417
25907496
25907925
25908007
25908179
25908234
25908258
25908341
25908433
25908435
25908501
25908502
25908546
25908551
25908560
25908636
25908688
25908718
25908987
25909511
25910340
25910618
25910672
25911448
25911573
25911649
25913488
25913900
25914337
25914379
25914546
25914630
25914761
25914782
25914856
25914982
25915437
25915500
25915507
25915965
25916766
25916851
25916857
25916956
25916967
25917183
25917272
25917495
25917702
25917723
25917797
25918027
25918212
25918763
25918914
25918961
25919059
25919121
25919341
25919352
25919377
25920045
25920295
25920362
25920511
25920515
25921606
25921642
25921674
25921710
25921868
25921879
25921880
25921887
25921891
25921894
25921895
25921896
25921898
25921905
25921907
25921909
25921913
25921991
25921992
25921993
25921995
25921997
25922002
25922499
25922819
25922846
25922955
25922956
25923030
25923231
25923562
25924081
25924278
25924317
25924567
25924657
25924771
25925211
25925499
25925770
25926020
25926139
25926274
25926302
25926614
25926685
25926723
25927126
25928284
25928343
25928508
25928670
25928679
25928723
25928804
25928847
25929217
25929245
25929667
25929700
25929853
25930047
25930082
25930417
25930467
25930589
25930653
25930703
25930717
25931323
25931365
25931412
25931838
25932268
25932376
25933173
25933253
25933369
25933394
25933406
25933442
25933532
25933672
25933705
25934188
25934236
25934295
25934348
25934393
25934723
25934842
25934891
25934931
25934942
25934976
25935001
25935074
25935259
25935731
25935746
25935909
25935985
25936161
25936185
25936187
25936198
25936199
25936202
25936205
25936208
25936213
25936214
25936245
25936246
25936303
25936335
25936357
25936383
25936948
25937056
25937097
25937121
25937280
25937546
25937611
25937637
25938007
25938270
25938322
25938641
25938943
25939075
25939102
25939120
25939662
25939756
25939799
25939938
25939951
25939965
25940154
25940189
25940271
25940459
25940921
25941005
25941284
25941315
25941347
25941363
25941443
25941444
25941565
25941666
25941699
25941742
25941822
25942205
25942222
25942601
25942788
25942916
25942946
25942958
25943024
25943102
25943256
25943269
25943449
25943457
25943658
25943819
25943861
25943869
25943984
25944039
25944059
25944201
25944291
25944321
25944453
25944481
25944510
25944573
25945248
25945268
25945383
25945447
25945501
25946162
25946658
25946667
25946743
25946797
25947011
25947013
25947098
25947719
25947742
25947834
25947962
25948014
25948069
25948269
25948292
25948311
25948456
25948857
25948878
25948990
25949149
25949263
25949438
25949442
25949560
25949657
25949839
25950165
25950219
25950482
25950558
25950612
25950628
25950677
25950705
25950758
25950877
25950980
25950991
25951024
25951051
25951062
25951121
25951270
25951742
25951854
25952048
25952587
25952691
25952721
25952970
25953082
25953084
25953186
25953478
25953503
25953719
25953799
25953946
25953951
25954297
25954437
25954464
25954475
25954505
25954602
25954941
25954993
25955373
25955407
25955606
25955615
25955670
25955678
25955736
25955960
25956032
25956124
25956191
25956337
25956382
25956444
25956484
25956583
25956740
25956943
25956980
25957131
25957408
25957703
25957838
25957904
25957911
25957977
25958127
25958802
25958854
25958864
25959235
25959247
25960234
25960241
25960342
25960958
25961076
25961110
25961176
25961180
25961581
25961870
25961874
25961926
25962226
25962339
25962660
25962921
25963804
25963841
25963876
25963919
25963996
25964337
25964531
25964532
25964800
25965297
25965683
25965819
25965858
25965954
25966007
25966142
25966426
25966498
25967243
25967250
25967270
25967533
25968352
25968586
25968623
25968651
25968756
25968992
25969005
25969035
25969095
25969110
25969322
25969757
25970323
25970881
25971020
25971100
25971141
25971144
25971318
25971437
25971473
25971519
25971687
25972138
25972194
25972292
25972473
25972658
25972689
25973045
25973354
25973407
25973533
25973599
25973981
25974127
25974247
25974266
25974516
25974670
25974808
25975453
25975566
25975655
25975663
25975888
25976018
25976324
25976383
25976631
25976842
25977280
25977332
25977428
25978665
25978705
25979053
25979066
25979077
25979082
25979249
25979293
25979662
25979756
25979999
25980124
25980133
25980343
25980368
25980390
25980391
25980397
25980643
25980714
25980836
25980950
25981232
25981259
25981580
25981821
25981830
25982236
25982406
25982407
25982567
25982991
25983426
25983898
25984268
25984570
25984664
25984842
25985410
25985574
25985902
25986033
25986256
25986301
25986665
25986792
25986847
25987102
25987591
25987713
25988541
25988645
25989082
25989259
25989294
25989367
25989489
25989584
25989597
25989703
25989762
25990010
25990054
25990324
25990405
25990461
25990603
25990687
25990734
25990818
25991859
25992726
25992763
25992770
25992819
25992882
25992986
25993013
25993016
25993061
25993117
25993270
25993279
25993363
25993386
25993750
25993836
25993950
25994554
25994733
25994934
25995036
25995166
25995351
25995530
25995553
25995638
25995784
25995804
25995851
25995948
25995962
25996004
25996038
25996181
25996193
25996217
25996240
25996496
25996522
25996642
25996662
25996749
25996782
25996986
25997015
25997502
25997511
25997566
25997638
25997664
25997813
25997923
25998056
25998181
25998306
25998369
25998382
25998565
25998641
25998720
25998864
25998985
25999033
25999309
25999464
25999653
25999706
25999844
26000140
26000388
26000585
26000902
26000973
26001004
26001372
26001376
26001411
26001512
26001885
26001888
26001900
26001904
26001905
26001948
26002237
26002382
26002497
26002584
26002687
26002728
26003167
26003424
26004712
26004772
26005020
26005058
26005178
26005292
26005602
26005611
26005626
26005831
26006016
26006390
26006444
26006539
26006587
26006631
26006829
26006924
26007010
26007139
26007179
26007726
26007812
26008578
26008670
26008702
26008839
26008912
26008936
26009062
26009432
26009730
26009754
26009760
26009856
26010423
26010445
26010511
26011086
26011092
26011178
26011278
26011672
26011772
26011837
26011885
26011915
26012281
26012304
26012312
26012522
26012556
26012771
26012885
26013031
26013482
26013490
26013572
26013774
26013887
26014351
26014478
26015148
26015149
26015706
26015982
26016011
26016087
26016130
26016132
26016134
26016404
26018150
26018698
26018937
26018999
26019047
26019343
26019363
26019508
26019670
26020562
26020959
26021061
26021150
26021231
26021254
26021642
26021767
26021947
26022498
26022695
26022831
26023070
26023167
26023224
26023380
26023707
26023764
26023850
26024049
26024077
26024291
26024311
26024366
26024424
26024446
26024491
26024519
26024608
26024633
26024675
26024856
26024889
26025190
26025328
26025692
26025847
26026212
26026229
26026728
26026831
26026993
26027141
26027173
26027629
26027691
26027856
26027945
26027970
26028320
26028455
26028519
26028636
26028639
26028712
26028797
26030570
26030586
26030739
26031797
26031855
26031955
26031958
26032010
26032052
26032607
26032726
26032749
26033451
26034501
26034537
26034551
26034642
26034716
26034818
26034880
26035345
26035364
26035521
26035536
26035668
26036279
26036307
26036865
26036907
26037313
26037433
26037592
26037630
26037727
26038030
26038057
26038158
26038205
26038262
26038306
26038530
26038729
26038730
26039535
26039744
26039784
26039810
26039916
26040274
26040380
26040392
26040414
26040816
26040923
26040928
26040955
26041022
26041080
26041096
26041167
26041481
26041509
26041512
26042186
26042191
26042293
26042333
26042454
26042573
26042927
26043315
26043593
26043594
26043762
26043818
26043827
26044023
26044241
26044502
26044845
26044902
26045040
26045385
26045468
26045543
26045557
26045613
26046066
26046287
26046387
26046390
26046519
26046615
26046955
26047213
26047457
26047491
26047698
26047762
26047880
26048579
26048679
26048763
26048861
26049280
26049659
26049849
26050094
26050516
26050526
26050529
26050533
26050534
26050535
26050536
26050551
26050554
26050578
26050646
26050696
26050731
26050783
26050803
26050935
26051203
26051286
26051371
26051446
26051456
26051503
26051548
26051565
26051584
26051734
26051764
26051777
26051787
26051800
26052027
26052221
26052668
26052886
26052899
26053035
26053042
26053144
26053194
26053327
26053343
26053351
26053875
26054130
26054132
26054210
26054274
26054955
26055151
26055435
26055475
26055482
26055564
26055633
26055658
26055782
26055898
26056021
26056219
26056423
26056493
26057379
26057755
26057764
26057770
26057797
26057874
26057920
26058298
26058346
26058396
26058528
26058591
26058711
26058768
26058804
26058833
26058909
26058910
26058948
26059187
26059253
26059254
26059396
26059734
26059776
26059779
26059922
26059931
26060043
26060110
26060135
26060139
26060268
26060639
26060750
26061074
26061227
26061708
26061848
26061987
26061990
26062176
26062322
26062329
26062458
26062633
26062661
26062690
26062878
26062883
26063028
26063042
26063263
26063325
26063403
26063412
26063419
26063444
26063463
26063737
26063901
26064057
26064196
26064551
26064674
26064887
26064978
26065208
26065211
26065342
26065517
26065631
26065677
26065856
26065913
26065959
26065992
26066226
26066979
26067219
26067379
26067381
26067564
26067755
26067829
26067877
26067959
26068352
26068452
26068955
26068979
26069148
26069331
26069824
26070291
26070365
26071045
26071271
26071281
26071288
26071338
26071707
26071737
26071872
26071901
26071982
26072388
26072467
26072470
26072491
26072576
26072663
26072824
26072922
26073128
26073468
26073508
26073689
26073730
26073771
26074042
26074313
26074392
26074468
26074549
26074559
26074763
26074823
26075235
26075261
26075285
26075390
26075475
26075524
26075640
26075761
26076012
26076055
26076090
26076152
26076170
26076201
26076403
26076489
26076509
26076529
26076724
26076747
26077017
26077141
26077731
26078295
26078332
26078403
26079786
26079806
26080010
26080969
26081271
26081393
26081544
26081558
26081700
26081865
26082143
26082199
26082200
26082300
26082312
26082430
26082636
26082864
26082992
26083025
26083234
26083260
26083347
26083490
26083590
26083639
26083700
26083953
26084027
26084277
26084431
26084566
26084572
26084612
26084755
26084793
26084814
26084824
26084886
26085077
26085201
26086167
26086233
26086642
26086687
26086802
26086897
26087130
26087581
26088176
26088236
26088620
26088864
26088890
26089006
26089574
26089747
26089759
26089779
26089940
26090092
26090147
26090532
26090692
26090715
26090766
26091068
26091143
26091630
26091659
26091894
26092030
26092188
26092502
26092504
26092800
26093379
26093495
26093561
26093706
26093787
26093802
26093885
26093907
26094054
26094144
26094237
26094528
26094540
26094686
26094753
26094778
26094842
26094864
26094901
26094915
26094939
26095307
26095464
26095810
26096019
26096195
26097302
26097813
26097923
26097969
26098028
26098168
26098717
26098822
26098917
26099000
26099062
26099112
26099557
26099718
26099723
26099907
26100143
26100147
26100153
26100237
26100776
26100810
26100872
26101361
26101391
26101972
26102174
26102774
26102829
26103377
26103502
26103512
26103520
26104272
26104273
26104435
26104579
26104852
26105301
26105436
26105701
26105714
26105724
26106046
26106714
26106740
26107005
26107016
26107064
26107249
26107376
26107543
26107822
26107925
26108152
26108403
26108527
26108538
26108658
26108894
26108927
26109118
26109267
26109336
26109357
26109420
26109785
26109922
26109933
26109940
26110110
26110123
26110210
26110392
26110435
26110573
26110647
26110779
26110871
26110967
26111144
26111177
26111431
26111536
26111884
26111976
26112083
26112140
26112158
26113232
26113393
26113541
26113696
26113835
26113940
26113950
26113977
26114106
26114367
26114701
26114731
26114877
26115008
26115333
26115334
26115514
26115660
26115846
26115847
26116321
26116698
26116956
26116994
26117057
26117155
26117303
26117343
26117482
26117786
26117902
26118080
26118115
26118219
26118386
26118586
26118650
26118791
26118904
26119085
26119162
26119595
26119663
26120131
26120401
26120537
26120576
26120710
26120754
26120968
26121130
26121178
26121192
26121286
26121831
26121871
26121904
26121928
26122168
26122256
26122537
26122802
26122874
26122994
26123018
26123299
26123343
26123375
26123414
26123594
26123778
26123780
26123981
26124174
26125254
26125342
26125354
26125371
26125769
26125884
26126089
26126488
26126508
26126547
26126619
26126650
26126705
26127302
26127421
26127582
26128402
26128442
26128482
26128614
26128808
26128821
26128959
26128967
26128969
26129671
26130120
26131252
26131296
26131482
26131950
26132402
26132490
26133194
26133331
26133377
26133651
26134376
26134379
26134625
26134702
26134838
26135003
26135424
26135529
26135702
26135784
26135886
26136021
26136639
26137095
26137102
26137116
26137494
26137574
26137727
26137779
26137834
26138131
26138146
26138168
26138340
26138418
26138858
26138915
26138967
26138968
26138991
26139016
26139101
26139630
26139716
26139907
26140103
26140321
26140787
26140954
26141004
26141459
26142276
26142920
26142946
26143183
26143219
26143240
26143241
26143607
26143731
26144243
26144494
26145023
26145156
26145662
26145843
26146182
26146198
26146220
26146226
26146340
26146575
26146590
26146650
26146651
26146986
26147777
26147973
26148051
26148386
26148499
26148722
26149537
26150050
26150182
26151028
26151208
26151693
26151694
26151749
26151878
26152021
26152218
26152219
26153422
26153494
26153643
26153646
26153817
26153932
26153989
26154026
26154265
26154388
26154442
26154592
26155329
26155439
26155907
26156795
26157447
26157623
26157840
26158127
26158716
26158828
26158903
26159064
26159220
26159338
26160020
26160073
26160247
26160262
26160393
26161028
26161671
26162188
26162642
26163109
26163206
26163215
26163578
26164255
26164819
26165026
26165360
26165430
26166102
26166113
26166316
26166885
26167323
26167343
26167362
26167542
26167607
26167652
26168311
26168380
26168458
26168703
26168778
26168789
26168920
26169011
26169257
26169382
26169855
26169870
26169942
26170041
26170611
26171195
26171294
26171812
26172029
26172182
26172194
26172364
26172807
26172923
26173017
26173247
26173721
26173824
26174307
26174397
26174684
26174780
26174989
26174993
26175526
26176196
26177286
26177327
26177364
26177366
26177432
26177488
26177633
26177818
26177986
26178008
26178122
26178124
26178504
26178505
26178508
26178512
26178693
26178718
26179380
26180074
26180112
26180432
26180469
26180512
26180588
26180678
26180706
26181040
26181078
26181196
26181757
26182031
26183289
26183419
26183624
26183772
26183924
26184054
26184493
26184551
26184992
26185025
26185137
26185416
26185866
26186150
26186279
26186324
26186865
26186915
26187431
26187447
26187516
26187607
26187746
26188315
26188787
26188848
26189630
26189688
26189690
26189706
26189885
26190080
26190509
26190543
26191475
26191522
26191785
26191969
26192387
26192782
26192845
26192979
26193086
26193481
26193745
26193849
26194163
26194380
26194469
26195158
26195484
26195746
26195871
26195891
26195961
26195970
26196007
26196187
26196382
26196615
26198579
26200038
26200196
26200430
26200473
26200594
26200932
26201027
26201086
26202014
26202440
26202783
26203026
26203335
26203337
26203476
26203623
26204587
26205099
26205448
26205497
26205561
26205729
26206166
26206182
26206432
26207798
26208076
26208436
26208799
26208845
26209022
26209321
26209361
26209651
26210034
26210252
26210808
26211406
26211511
26211586
26211620
26211834
26212182
26212406
26212460
26212789
26213105
26213248
26213679
26213867
26214152
26214580
26216525
26216872
26216884
26217651
26217825
26218058
26218207
26218748
26218867
26218911
26218952
26219029
26219418
26219685
26219760
26221089
26221853
26222548
26222690
26222828
26222929
26222934
26223261
26223532
26223565
26223917
26223945
26225918
26226505
26226703
26227055
26227343
26227561
26228774
26229129
26230410
26230563
26230691
26230764
26230943
26231085
26231090
26231677
26232810
26232841
26234847
26235024
26235331
26235668
26235969
26236203
26238283
26239039
26239891
26239934
26240222
26240308
26240766
26242533
26242989
26243101
26243866
26244071
26245621
26245910
26247053
26247374
26247720
26248568
26248850
26248860
26252254
26252831
26252832
26252833
26252834
26252934
26268318
26268430
7255935
7315578
9822785
